2.2.6

     N  Array Accesses Upper Bound

Top-Down MergeSort
     1               0           0
     2               3          12
     3              10          18
     4              13          48
     5              20          60
     6              32          72
     7              38          84
     8              44         144
     9              55         162
    10              63         180
    11              76         198
    12              83         216
    13              94         234
    14              99         252
    15             112         270
    16             124         384
    17             132         408
    18             138         432
    19             153         456
    20             162         480
    21             179         504
    22             191         528
    23             201         552
    24             215         576
    25             229         600
    26             241         624
    27             250         648
    28             261         672
    29             273         696
    30             279         720
    31             283         744
    32             302         960
    33             309         990
    34             335        1020
    35             343        1050
    36             349        1080
    37             370        1110
    38             382        1140
    39             401        1170
    40             409        1200
    41             423        1230
    42             433        1260
    43             446        1290
    44             462        1320
    45             478        1350
    46             500        1380
    47             500        1410
    48             511        1440
    49             531        1470
    50             552        1500
    51             555        1530
    52             573        1560
    53             586        1590
    54             595        1620
    55             608        1650
    56             624        1680
    57             626        1710
    58             651        1740
    59             662        1770
    60             683        1800
    61             686        1830
    62             703        1860
    63             719        1890
    64             732        2304
    65             731        2340
    66             764        2376
    67             774        2412
    68             794        2448
    69             813        2484
    70             815        2520
    71             838        2556
    72             860        2592
    73             876        2628
    74             887        2664
    75             905        2700
    76             925        2736
    77             936        2772
    78             951        2808
    79             959        2844
    80             989        2880
    81             994        2916
    82            1015        2952
    83            1028        2988
    84            1044        3024
    85            1062        3060
    86            1072        3096
    87            1091        3132
    88            1108        3168
    89            1113        3204
    90            1129        3240
    91            1137        3276
    92            1164        3312
    93            1179        3348
    94            1192        3384
    95            1214        3420
    96            1229        3456
    97            1246        3492
    98            1253        3528
    99            1264        3564
   100            1286        3600
   101            1304        3636
   102            1323        3672
   103            1331        3708
   104            1351        3744
   105            1359        3780
   106            1382        3816
   107            1384        3852
   108            1415        3888
   109            1433        3924
   110            1428        3960
   111            1467        3996
   112            1469        4032
   113            1492        4068
   114            1507        4104
   115            1522        4140
   116            1525        4176
   117            1540        4212
   118            1567        4248
   119            1589        4284
   120            1605        4320
   121            1596        4356
   122            1621        4392
   123            1633        4428
   124            1660        4464
   125            1664        4500
   126            1666        4536
   127            1698        4572
   128            1714        5376
   129            1709        5418
   130            1743        5460
   131            1782        5502
   132            1776        5544
   133            1808        5586
   134            1826        5628
   135            1840        5670
   136            1864        5712
   137            1866        5754
   138            1899        5796
   139            1903        5838
   140            1940        5880
   141            1932        5922
   142            1975        5964
   143            1986        6006
   144            2013        6048
   145            2010        6090
   146            2030        6132
   147            2047        6174
   148            2075        6216
   149            2097        6258
   150            2123        6300
   151            2125        6342
   152            2137        6384
   153            2163        6426
   154            2174        6468
   155            2198        6510
   156            2208        6552
   157            2219        6594
   158            2258        6636
   159            2269        6678
   160            2289        6720
   161            2286        6762
   162            2314        6804
   163            2337        6846
   164            2350        6888
   165            2368        6930
   166            2403        6972
   167            2416        7014
   168            2411        7056
   169            2454        7098
   170            2462        7140
   171            2477        7182
   172            2504        7224
   173            2510        7266
   174            2527        7308
   175            2537        7350
   176            2568        7392
   177            2584        7434
   178            2599        7476
   179            2597        7518
   180            2620        7560
   181            2656        7602
   182            2654        7644
   183            2682        7686
   184            2698        7728
   185            2719        7770
   186            2744        7812
   187            2752        7854
   188            2776        7896
   189            2790        7938
   190            2796        7980
   191            2824        8022
   192            2848        8064
   193            2860        8106
   194            2874        8148
   195            2900        8190
   196            2902        8232
   197            2920        8274
   198            2940        8316
   199            2972        8358
   200            2989        8400
   201            3015        8442
   202            3023        8484
   203            3038        8526
   204            3066        8568
   205            3074        8610
   206            3075        8652
   207            3086        8694
   208            3119        8736
   209            3143        8778
   210            3141        8820
   211            3182        8862
   212            3188        8904
   213            3189        8946
   214            3235        8988
   215            3239        9030
   216            3264        9072
   217            3270        9114
   218            3298        9156
   219            3306        9198
   220            3305        9240
   221            3348        9282
   222            3344        9324
   223            3389        9366
   224            3388        9408
   225            3396        9450
   226            3424        9492
   227            3456        9534
   228            3444        9576
   229            3491        9618
   230            3498        9660
   231            3506        9702
   232            3535        9744
   233            3553        9786
   234            3556        9828
   235            3574        9870
   236            3613        9912
   237            3613        9954
   238            3626        9996
   239            3625       10038
   240            3670       10080
   241            3676       10122
   242            3704       10164
   243            3703       10206
   244            3740       10248
   245            3741       10290
   246            3776       10332
   247            3801       10374
   248            3797       10416
   249            3841       10458
   250            3839       10500
   251            3859       10542
   252            3870       10584
   253            3868       10626
   254            3908       10668
   255            3916       10710
   256            3928       12288
   257            3946       12336
   258            3960       12384
   259            3979       12432
   260            4014       12480
   261            4057       12528
   262            4052       12576
   263            4082       12624
   264            4090       12672
   265            4111       12720
   266            4143       12768
   267            4182       12816
   268            4177       12864
   269            4206       12912
   270            4206       12960
   271            4251       13008
   272            4229       13056
   273            4278       13104
   274            4302       13152
   275            4309       13200
   276            4340       13248
   277            4355       13296
   278            4363       13344
   279            4396       13392
   280            4405       13440
   281            4431       13488
   282            4457       13536
   283            4481       13584
   284            4491       13632
   285            4506       13680
   286            4531       13728
   287            4537       13776
   288            4540       13824
   289            4610       13872
   290            4604       13920
   291            4646       13968
   292            4658       14016
   293            4666       14064
   294            4686       14112
   295            4698       14160
   296            4725       14208
   297            4756       14256
   298            4762       14304
   299            4798       14352
   300            4802       14400
   301            4825       14448
   302            4832       14496
   303            4843       14544
   304            4860       14592
   305            4909       14640
   306            4928       14688
   307            4943       14736
   308            4945       14784
   309            5005       14832
   310            5002       14880
   311            5048       14928
   312            5059       14976
   313            5056       15024
   314            5086       15072
   315            5095       15120
   316            5123       15168
   317            5140       15216
   318            5160       15264
   319            5175       15312
   320            5206       15360
   321            5214       15408
   322            5247       15456
   323            5277       15504
   324            5282       15552
   325            5285       15600
   326            5303       15648
   327            5331       15696
   328            5348       15744
   329            5403       15792
   330            5399       15840
   331            5410       15888
   332            5441       15936
   333            5438       15984
   334            5479       16032
   335            5491       16080
   336            5507       16128
   337            5521       16176
   338            5553       16224
   339            5563       16272
   340            5594       16320
   341            5595       16368
   342            5636       16416
   343            5665       16464
   344            5678       16512
   345            5700       16560
   346            5704       16608
   347            5731       16656
   348            5781       16704
   349            5766       16752
   350            5810       16800
   351            5812       16848
   352            5817       16896
   353            5844       16944
   354            5854       16992
   355            5885       17040
   356            5916       17088
   357            5951       17136
   358            5946       17184
   359            5959       17232
   360            6019       17280
   361            5991       17328
   362            6030       17376
   363            6058       17424
   364            6061       17472
   365            6089       17520
   366            6077       17568
   367            6094       17616
   368            6146       17664
   369            6146       17712
   370            6200       17760
   371            6199       17808
   372            6225       17856
   373            6224       17904
   374            6267       17952
   375            6294       18000
   376            6310       18048
   377            6292       18096
   378            6329       18144
   379            6348       18192
   380            6361       18240
   381            6401       18288
   382            6396       18336
   383            6419       18384
   384            6461       18432
   385            6452       18480
   386            6457       18528
   387            6477       18576
   388            6502       18624
   389            6538       18672
   390            6575       18720
   391            6590       18768
   392            6582       18816
   393            6610       18864
   394            6673       18912
   395            6662       18960
   396            6665       19008
   397            6710       19056
   398            6716       19104
   399            6745       19152
   400            6750       19200
   401            6773       19248
   402            6813       19296
   403            6816       19344
   404            6825       19392
   405            6842       19440
   406            6866       19488
   407            6914       19536
   408            6917       19584
   409            6953       19632
   410            6940       19680
   411            6970       19728
   412            6978       19776
   413            7007       19824
   414            7027       19872
   415            7046       19920
   416            7047       19968
   417            7096       20016
   418            7103       20064
   419            7103       20112
   420            7145       20160
   421            7161       20208
   422            7153       20256
   423            7214       20304
   424            7237       20352
   425            7232       20400
   426            7247       20448
   427            7291       20496
   428            7283       20544
   429            7293       20592
   430            7342       20640
   431            7335       20688
   432            7371       20736
   433            7379       20784
   434            7405       20832
   435            7428       20880
   436            7447       20928
   437            7454       20976
   438            7487       21024
   439            7539       21072
   440            7513       21120
   441            7531       21168
   442            7561       21216
   443            7592       21264
   444            7598       21312
   445            7617       21360
   446            7646       21408
   447            7676       21456
   448            7669       21504
   449            7718       21552
   450            7736       21600
   451            7729       21648
   452            7715       21696
   453            7787       21744
   454            7808       21792
   455            7807       21840
   456            7828       21888
   457            7837       21936
   458            7838       21984
   459            7898       22032
   460            7916       22080
   461            7922       22128
   462            7933       22176
   463            7976       22224
   464            7994       22272
   465            8038       22320
   466            8040       22368
   467            8043       22416
   468            8062       22464
   469            8072       22512
   470            8106       22560
   471            8136       22608
   472            8152       22656
   473            8156       22704
   474            8172       22752
   475            8194       22800
   476            8211       22848
   477            8228       22896
   478            8254       22944
   479            8290       22992
   480            8312       23040
   481            8290       23088
   482            8312       23136
   483            8353       23184
   484            8364       23232
   485            8396       23280
   486            8398       23328
   487            8396       23376
   488            8428       23424
   489            8446       23472
   490            8466       23520
   491            8520       23568
   492            8532       23616
   493            8536       23664
   494            8575       23712
   495            8580       23760
   496            8580       23808
   497            8618       23856
   498            8620       23904
   499            8653       23952
   500            8665       24000
   501            8688       24048
   502            8684       24096
   503            8743       24144
   504            8756       24192
   505            8755       24240
   506            8775       24288
   507            8822       24336
   508            8831       24384
   509            8850       24432
   510            8851       24480
   511            8893       24528
   512            8886       27648

Bottom-Up MergeSort
     1               0           0
     2               3          12
     3              10          18
     4              13          48
     5              22          60
     6              31          72
     7              38          84
     8              44         144
     9              63         162
    10              67         180
    11              74         198
    12              83         216
    13              95         234
    14             101         252
    15             112         270
    16             124         384
    17             157         408
    18             157         432
    19             164         456
    20             174         480
    21             185         504
    22             191         528
    23             202         552
    24             209         576
    25             226         600
    26             239         624
    27             251         648
    28             261         672
    29             270         696
    30             278         720
    31             283         744
    32             302         960
    33             371         990
    34             375        1020
    35             387        1050
    36             382        1080
    37             404        1110
    38             407        1140
    39             425        1170
    40             417        1200
    41             441        1230
    42             454        1260
    43             463        1290
    44             463        1320
    45             484        1350
    46             501        1380
    47             497        1410
    48             518        1440
    49             543        1470
    50             559        1500
    51             566        1530
    52             584        1560
    53             587        1590
    54             593        1620
    55             609        1650
    56             620        1680
    57             636        1710
    58             657        1740
    59             661        1770
    60             676        1800
    61             686        1830
    62             701        1860
    63             719        1890
    64             732        2304
    65             853        2340
    66             862        2376
    67             875        2412
    68             876        2448
    69             895        2484
    70             888        2520
    71             905        2556
    72             924        2592
    73             932        2628
    74             945        2664
    75             946        2700
    76             953        2736
    77             975        2772
    78             977        2808
    79             984        2844
    80            1016        2880
    81            1048        2916
    82            1055        2952
    83            1059        2988
    84            1065        3024
    85            1079        3060
    86            1089        3096
    87            1100        3132
    88            1124        3168
    89            1126        3204
    90            1150        3240
    91            1150        3276
    92            1160        3312
    93            1179        3348
    94            1188        3384
    95            1213        3420
    96            1212        3456
    97            1288        3492
    98            1296        3528
    99            1308        3564
   100            1319        3600
   101            1324        3636
   102            1340        3672
   103            1342        3708
   104            1366        3744
   105            1388        3780
   106            1385        3816
   107            1403        3852
   108            1404        3888
   109            1423        3924
   110            1432        3960
   111            1459        3996
   112            1469        4032
   113            1516        4068
   114            1500        4104
   115            1529        4140
   116            1545        4176
   117            1555        4212
   118            1575        4248
   119            1585        4284
   120            1593        4320
   121            1606        4356
   122            1625        4392
   123            1630        4428
   124            1658        4464
   125            1671        4500
   126            1677        4536
   127            1698        4572
   128            1714        5376
   129            1955        5418
   130            1968        5460
   131            1985        5502
   132            1979        5544
   133            2010        5586
   134            2024        5628
   135            2018        5670
   136            2037        5712
   137            2047        5754
   138            2055        5796
   139            2058        5838
   140            2070        5880
   141            2079        5922
   142            2100        5964
   143            2101        6006
   144            2124        6048
   145            2157        6090
   146            2163        6132
   147            2165        6174
   148            2176        6216
   149            2197        6258
   150            2204        6300
   151            2219        6342
   152            2231        6384
   153            2251        6426
   154            2264        6468
   155            2272        6510
   156            2289        6552
   157            2305        6594
   158            2314        6636
   159            2332        6678
   160            2345        6720
   161            2399        6762
   162            2398        6804
   163            2422        6846
   164            2441        6888
   165            2429        6930
   166            2455        6972
   167            2472        7014
   168            2470        7056
   169            2502        7098
   170            2504        7140
   171            2512        7182
   172            2521        7224
   173            2542        7266
   174            2566        7308
   175            2560        7350
   176            2575        7392
   177            2617        7434
   178            2620        7476
   179            2623        7518
   180            2634        7560
   181            2661        7602
   182            2659        7644
   183            2690        7686
   184            2718        7728
   185            2724        7770
   186            2757        7812
   187            2756        7854
   188            2759        7896
   189            2776        7938
   190            2789        7980
   191            2807        8022
   192            2824        8064
   193            2965        8106
   194            2961        8148
   195            2978        8190
   196            2985        8232
   197            2989        8274
   198            3011        8316
   199            3031        8358
   200            3032        8400
   201            3056        8442
   202            3080        8484
   203            3075        8526
   204            3077        8568
   205            3108        8610
   206            3092        8652
   207            3107        8694
   208            3129        8736
   209            3166        8778
   210            3174        8820
   211            3195        8862
   212            3203        8904
   213            3211        8946
   214            3242        8988
   215            3235        9030
   216            3262        9072
   217            3290        9114
   218            3281        9156
   219            3298        9198
   220            3313        9240
   221            3334        9282
   222            3359        9324
   223            3356        9366
   224            3362        9408
   225            3453        9450
   226            3467        9492
   227            3466        9534
   228            3500        9576
   229            3501        9618
   230            3507        9660
   231            3522        9702
   232            3527        9744
   233            3577        9786
   234            3561        9828
   235            3577        9870
   236            3619        9912
   237            3626        9954
   238            3632        9996
   239            3642       10038
   240            3660       10080
   241            3715       10122
   242            3711       10164
   243            3734       10206
   244            3744       10248
   245            3748       10290
   246            3782       10332
   247            3788       10374
   248            3808       10416
   249            3839       10458
   250            3846       10500
   251            3849       10542
   252            3879       10584
   253            3860       10626
   254            3905       10668
   255            3916       10710
   256            3928       12288
   257            4444       12336
   258            4474       12384
   259            4439       12432
   260            4465       12480
   261            4457       12528
   262            4490       12576
   263            4495       12624
   264            4482       12672
   265            4521       12720
   266            4529       12768
   267            4554       12816
   268            4552       12864
   269            4570       12912
   270            4573       12960
   271            4593       13008
   272            4608       13056
   273            4637       13104
   274            4631       13152
   275            4645       13200
   276            4664       13248
   277            4671       13296
   278            4693       13344
   279            4705       13392
   280            4701       13440
   281            4738       13488
   282            4691       13536
   283            4760       13584
   284            4760       13632
   285            4780       13680
   286            4788       13728
   287            4763       13776
   288            4797       13824
   289            4891       13872
   290            4888       13920
   291            4917       13968
   292            4916       14016
   293            4911       14064
   294            4941       14112
   295            4936       14160
   296            4961       14208
   297            4991       14256
   298            5002       14304
   299            4999       14352
   300            4979       14400
   301            5016       14448
   302            5017       14496
   303            5043       14544
   304            5044       14592
   305            5110       14640
   306            5102       14688
   307            5120       14736
   308            5130       14784
   309            5138       14832
   310            5174       14880
   311            5183       14928
   312            5175       14976
   313            5196       15024
   314            5189       15072
   315            5228       15120
   316            5249       15168
   317            5260       15216
   318            5289       15264
   319            5320       15312
   320            5295       15360
   321            5432       15408
   322            5429       15456
   323            5454       15504
   324            5470       15552
   325            5469       15600
   326            5480       15648
   327            5506       15696
   328            5497       15744
   329            5533       15792
   330            5569       15840
   331            5551       15888
   332            5566       15936
   333            5556       15984
   334            5591       16032
   335            5606       16080
   336            5627       16128
   337            5622       16176
   338            5667       16224
   339            5681       16272
   340            5689       16320
   341            5706       16368
   342            5706       16416
   343            5762       16464
   344            5745       16512
   345            5732       16560
   346            5792       16608
   347            5787       16656
   348            5793       16704
   349            5835       16752
   350            5849       16800
   351            5865       16848
   352            5862       16896
   353            5927       16944
   354            5915       16992
   355            5945       17040
   356            5965       17088
   357            5970       17136
   358            5991       17184
   359            5988       17232
   360            6017       17280
   361            6033       17328
   362            6018       17376
   363            6058       17424
   364            6063       17472
   365            6110       17520
   366            6094       17568
   367            6143       17616
   368            6117       17664
   369            6184       17712
   370            6184       17760
   371            6196       17808
   372            6219       17856
   373            6209       17904
   374            6245       17952
   375            6271       18000
   376            6273       18048
   377            6281       18096
   378            6322       18144
   379            6327       18192
   380            6316       18240
   381            6383       18288
   382            6386       18336
   383            6409       18384
   384            6424       18432
   385            6688       18480
   386            6681       18528
   387            6675       18576
   388            6703       18624
   389            6719       18672
   390            6721       18720
   391            6718       18768
   392            6735       18816
   393            6756       18864
   394            6776       18912
   395            6785       18960
   396            6812       19008
   397            6819       19056
   398            6810       19104
   399            6841       19152
   400            6850       19200
   401            6891       19248
   402            6909       19296
   403            6911       19344
   404            6907       19392
   405            6925       19440
   406            6963       19488
   407            6934       19536
   408            6970       19584
   409            7012       19632
   410            6985       19680
   411            7010       19728
   412            7026       19776
   413            7035       19824
   414            7094       19872
   415            7054       19920
   416            7102       19968
   417            7168       20016
   418            7186       20064
   419            7207       20112
   420            7199       20160
   421            7210       20208
   422            7239       20256
   423            7261       20304
   424            7268       20352
   425            7259       20400
   426            7296       20448
   427            7301       20496
   428            7339       20544
   429            7322       20592
   430            7370       20640
   431            7350       20688
   432            7363       20736
   433            7411       20784
   434            7427       20832
   435            7458       20880
   436            7451       20928
   437            7448       20976
   438            7477       21024
   439            7508       21072
   440            7517       21120
   441            7549       21168
   442            7549       21216
   443            7580       21264
   444            7622       21312
   445            7623       21360
   446            7635       21408
   447            7660       21456
   448            7665       21504
   449            7776       21552
   450            7814       21600
   451            7807       21648
   452            7825       21696
   453            7836       21744
   454            7835       21792
   455            7867       21840
   456            7887       21888
   457            7919       21936
   458            7919       21984
   459            7908       22032
   460            7916       22080
   461            7935       22128
   462            7965       22176
   463            7990       22224
   464            8015       22272
   465            8051       22320
   466            8069       22368
   467            8065       22416
   468            8048       22464
   469            8076       22512
   470            8112       22560
   471            8139       22608
   472            8160       22656
   473            8145       22704
   474            8173       22752
   475            8189       22800
   476            8221       22848
   477            8207       22896
   478            8257       22944
   479            8251       22992
   480            8301       23040
   481            8335       23088
   482            8366       23136
   483            8375       23184
   484            8387       23232
   485            8410       23280
   486            8435       23328
   487            8460       23376
   488            8445       23424
   489            8473       23472
   490            8487       23520
   491            8513       23568
   492            8490       23616
   493            8542       23664
   494            8548       23712
   495            8585       23760
   496            8589       23808
   497            8630       23856
   498            8640       23904
   499            8724       23952
   500            8655       24000
   501            8700       24048
   502            8657       24096
   503            8755       24144
   504            8752       24192
   505            8732       24240
   506            8774       24288
   507            8773       24336
   508            8807       24384
   509            8840       24432
   510            8856       24480
   511            8893       24528
   512            8886       27648 