2.2.6

     N  Array Accesses Upper Bound

Top-Down MergeSort
     1               0           0
     2               8          12
     3              22          29
     4              38          48
     5              56          70
     6              80          93
     7             100         118
     8             116         144
     9             138         171
    10             174         199
    11             192         228
    12             230         258
    13             248         289
    14             270         320
    15             304         352
    16             336         384
    17             372         417
    18             380         450
    19             430         484
    20             452         519
    21             484         553
    22             532         589
    23             560         624
    24             594         660
    25             622         697
    26             650         733
    27             694         770
    28             720         808
    29             746         845
    30             796         883
    31             814         921
    32             852         960
    33             888         999
    34             946        1038
    35             972        1077
    36            1012        1117
    37            1036        1156
    38            1052        1197
    39            1108        1237
    40            1164        1277
    41            1164        1318
    42            1238        1359
    43            1278        1400
    44            1308        1441
    45            1368        1483
    46            1412        1525
    47            1402        1566
    48            1472        1608
    49            1492        1651
    50            1546        1693
    51            1556        1736
    52            1632        1779
    53            1640        1821
    54            1678        1865
    55            1738        1908
    56            1770        1951
    57            1814        1995
    58            1846        2039
    59            1880        2082
    60            1926        2126
    61            1950        2171
    62            1994        2215
    63            2034        2259
    64            2092        2304
    65            2122        2349
    66            2150        2394
    67            2184        2439
    68            2248        2484
    69            2262        2529
    70            2344        2574
    71            2374        2620
    72            2432        2665
    73            2474        2711
    74            2498        2757
    75            2564        2803
    76            2590        2849
    77            2662        2895
    78            2704        2942
    79            2740        2988
    80            2768        3035
    81            2856        3081
    82            2872        3128
    83            2912        3175
    84            2968        3222
    85            2976        3269
    86            3020        3316
    87            3112        3363
    88            3122        3411
    89            3174        3458
    90            3194        3506
    91            3248        3553
    92            3342        3601
    93            3362        3649
    94            3398        3697
    95            3426        3745
    96            3508        3793
    97            3532        3841
    98            3598        3889
    99            3618        3938
   100            3638        3986
   101            3738        4035
   102            3768        4084
   103            3824        4132
   104            3836        4181
   105            3902        4230
   106            3900        4279
   107            3966        4328
   108            4008        4377
   109            4058        4426
   110            4104        4476
   111            4152        4525
   112            4180        4575
   113            4226        4624
   114            4272        4674
   115            4312        4723
   116            4318        4773
   117            4452        4823
   118            4480        4873
   119            4450        4923
   120            4552        4973
   121            4604        5023
   122            4624        5073
   123            4712        5124
   124            4752        5174
   125            4738        5224
   126            4810        5275
   127            4816        5325
   128            4848        5376
   129            4928        5427
   130            4960        5477
   131            5062        5528
   132            5152        5579
   133            5156        5630
   134            5196        5681
   135            5240        5732
   136            5318        5783
   137            5338        5835
   138            5390        5886
   139            5466        5937
   140            5444        5989
   141            5536        6040
   142            5624        6092
   143            5680        6143
   144            5682        6195
   145            5758        6247
   146            5838        6298
   147            5886        6350
   148            5918        6402
   149            5956        6454
   150            6002        6506
   151            6042        6558
   152            6062        6610
   153            6178        6662
   154            6188        6715
   155            6212        6767
   156            6260        6819
   157            6388        6872
   158            6446        6924
   159            6482        6976
   160            6526        7029
   161            6586        7082
   162            6630        7134
   163            6650        7187
   164            6682        7240
   165            6766        7293
   166            6846        7346
   167            6902        7398
   168            6966        7451
   169            6954        7504
   170            7028        7558
   171            7008        7611
   172            7118        7664
   173            7166        7717
   174            7226        7770
   175            7262        7824
   176            7304        7877
   177            7328        7931
   178            7396        7984
   179            7464        8038
   180            7508        8091
   181            7568        8145
   182            7598        8199
   183            7694        8252
   184            7684        8306
   185            7772        8360
   186            7758        8414
   187            7882        8468
   188            7910        8522
   189            7924        8576
   190            8012        8630
   191            8026        8684
   192            8140        8738
   193            8176        8792
   194            8248        8846
   195            8270        8901
   196            8318        8955
   197            8374        9009
   198            8406        9064
   199            8466        9118
   200            8548        9173
   201            8528        9227
   202            8598        9282
   203            8642        9336
   204            8772        9391
   205            8786        9446
   206            8800        9501
   207            8862        9555
   208            8946        9610
   209            8986        9665
   210            8964        9720
   211            9094        9775
   212            9128        9830
   213            9114        9885
   214            9170        9940
   215            9294        9995
   216            9308       10050
   217            9368       10106
   218            9394       10161
   219            9484       10216
   220            9528       10271
   221            9574       10327
   222            9666       10382
   223            9614       10438
   224            9706       10493
   225            9778       10549
   226            9860       10604
   227            9890       10660
   228            9980       10715
   229           10036       10771
   230            9982       10827
   231           10086       10883
   232           10128       10938
   233           10136       10994
   234           10218       11050
   235           10292       11106
   236           10328       11162
   237           10368       11218
   238           10416       11274
   239           10474       11330
   240           10478       11386
   241           10614       11442
   242           10610       11498
   243           10636       11554
   244           10686       11611
   245           10856       11667
   246           10888       11723
   247           10890       11779
   248           10882       11836
   249           10952       11892
   250           11010       11949
   251           11094       12005
   252           11110       12062
   253           11128       12118
   254           11260       12175
   255           11260       12231
   256           11310       12288
   257           11388       12345
   258           11470       12401
   259           11456       12458
   260           11488       12515
   261           11640       12572
   262           11672       12629
   263           11722       12685
   264           11722       12742
   265           11880       12799
   266           11876       12856
   267           11918       12913
   268           12036       12970
   269           12094       13027
   270           12094       13084
   271           12150       13142
   272           12228       13199
   273           12308       13256
   274           12366       13313
   275           12398       13370
   276           12448       13428
   277           12500       13485
   278           12524       13542
   279           12686       13600
   280           12684       13657
   281           12754       13715
   282           12804       13772
   283           12882       13830
   284           12922       13887
   285           13016       13945
   286           13062       14002
   287           13066       14060
   288           13110       14118
   289           13194       14175
   290           13298       14233
   291           13328       14291
   292           13480       14349
   293           13476       14406
   294           13446       14464
   295           13596       14522
   296           13628       14580
   297           13628       14638
   298           13656       14696
   299           13754       14754
   300           13832       14812
   301           13852       14870
   302           13896       14928
   303           14020       14986
   304           14010       15044
   305           14090       15102
   306           14196       15161
   307           14230       15219
   308           14288       15277
   309           14368       15335
   310           14336       15394
   311           14394       15452
   312           14464       15510
   313           14532       15569
   314           14612       15627
   315           14626       15686
   316           14704       15744
   317           14762       15802
   318           14834       15861
   319           14854       15920
   320           14974       15978
   321           15002       16037
   322           14986       16095
   323           15142       16154
   324           15148       16213
   325           15168       16271
   326           15250       16330
   327           15316       16389
   328           15402       16448
   329           15494       16506
   330           15454       16565
   331           15546       16624
   332           15632       16683
   333           15674       16742
   334           15774       16801
   335           15746       16860
   336           15854       16919
   337           15922       16978
   338           16032       17037
   339           16016       17096
   340           16104       17155
   341           16112       17214
   342           16188       17273
   343           16288       17333
   344           16274       17392
   345           16328       17451
   346           16370       17510
   347           16458       17570
   348           16544       17629
   349           16606       17688
   350           16666       17748
   351           16758       17807
   352           16730       17866
   353           16744       17926
   354           16848       17985
   355           16930       18045
   356           16980       18104
   357           16986       18164
   358           17092       18223
   359           17110       18283
   360           17202       18342
   361           17204       18402
   362           17276       18462
   363           17350       18521
   364           17358       18581
   365           17444       18641
   366           17472       18700
   367           17570       18760
   368           17678       18820
   369           17706       18880
   370           17758       18940
   371           17814       19000
   372           17882       19059
   373           17926       19119
   374           17994       19179
   375           18040       19239
   376           18110       19299
   377           18194       19359
   378           18166       19419
   379           18248       19479
   380           18318       19539
   381           18300       19599
   382           18424       19659
   383           18510       19720
   384           18530       19780
   385           18644       19840
   386           18640       19900
   387           18714       19960
   388           18794       20021
   389           18726       20081
   390           18806       20141
   391           18966       20201
   392           18970       20262
   393           19102       20322
   394           19106       20383
   395           19154       20443
   396           19166       20503
   397           19394       20564
   398           19296       20624
   399           19294       20685
   400           19408       20745
   401           19318       20806
   402           19522       20866
   403           19666       20927
   404           19698       20988
   405           19716       21048
   406           19714       21109
   407           19868       21169
   408           19958       21230
   409           19878       21291
   410           20006       21352
   411           20024       21412
   412           20030       21473
   413           20168       21534
   414           20290       21595
   415           20402       21655
   416           20328       21716
   417           20380       21777
   418           20430       21838
   419           20520       21899
   420           20478       21960
   421           20630       22021
   422           20672       22082
   423           20724       22143
   424           20780       22204
   425           20856       22265
   426           20928       22326
   427           20994       22387
   428           21032       22448
   429           21028       22509
   430           21150       22570
   431           21210       22631
   432           21228       22693
   433           21388       22754
   434           21336       22815
   435           21432       22876
   436           21406       22938
   437           21486       22999
   438           21532       23060
   439           21648       23121
   440           21732       23183
   441           21732       23244
   442           21820       23306
   443           21904       23367
   444           21946       23428
   445           22018       23490
   446           22040       23551
   447           22106       23613
   448           22136       23674
   449           22218       23736
   450           22200       23797
   451           22224       23859
   452           22414       23920
   453           22364       23982
   454           22472       24044
   455           22438       24105
   456           22580       24167
   457           22706       24228
   458           22754       24290
   459           22748       24352
   460           22794       24414
   461           22894       24475
   462           22848       24537
   463           22982       24599
   464           22982       24661
   465           23116       24722
   466           23198       24784
   467           23214       24846
   468           23252       24908
   469           23314       24970
   470           23426       25032
   471           23414       25094
   472           23466       25156
   473           23560       25218
   474           23620       25280
   475           23702       25342
   476           23812       25404
   477           23762       25466
   478           23812       25528
   479           23894       25590
   480           23954       25652
   481           23980       25714
   482           23962       25776
   483           24070       25838
   484           24134       25900
   485           24174       25963
   486           24174       26025
   487           24268       26087
   488           24372       26149
   489           24440       26211
   490           24508       26274
   491           24474       26336
   492           24644       26398
   493           24752       26461
   494           24778       26523
   495           24772       26585
   496           24830       26648
   497           24746       26710
   498           24922       26772
   499           24994       26835
   500           25066       26897
   501           25156       26960
   502           25154       27022
   503           25194       27085
   504           25224       27147
   505           25366       27210
   506           25292       27272
   507           25442       27335
   508           25462       27398
   509           25506       27460
   510           25660       27523
   511           25576       27585
   512           25710       27648

Bottom-Up MergeSort
     1               0           0
     2               8          12
     3              22          29
     4              38          48
     5              60          70
     6              84          93
     7             100         118
     8             116         144
     9             156         171
    10             188         199
    11             206         228
    12             228         258
    13             254         289
    14             270         320
    15             304         352
    16             336         384
    17             408         417
    18             434         450
    19             478         484
    20             468         519
    21             510         553
    22             548         589
    23             562         624
    24             588         660
    25             644         697
    26             658         733
    27             694         770
    28             716         808
    29             748         845
    30             808         883
    31             814         921
    32             852         960
    33             986         999
    34            1034        1038
    35            1082        1077
    36            1100        1117
    37            1108        1156
    38            1168        1197
    39            1176        1237
    40            1198        1277
    41            1252        1318
    42            1242        1359
    43            1314        1400
    44            1330        1441
    45            1378        1483
    46            1398        1525
    47            1420        1566
    48            1478        1608
    49            1574        1651
    50            1588        1693
    51            1586        1736
    52            1634        1779
    53            1660        1821
    54            1702        1865
    55            1752        1908
    56            1780        1951
    57            1792        1995
    58            1856        2039
    59            1898        2082
    60            1914        2126
    61            1946        2171
    62            1988        2215
    63            2034        2259
    64            2092        2304
    65            2390        2349
    66            2430        2394
    67            2464        2439
    68            2530        2484
    69            2510        2529
    70            2566        2574
    71            2608        2620
    72            2624        2665
    73            2632        2711
    74            2704        2757
    75            2728        2803
    76            2744        2849
    77            2750        2895
    78            2774        2942
    79            2828        2988
    80            2874        3035
    81            2982        3081
    82            2990        3128
    83            3036        3175
    84            3060        3222
    85            3082        3269
    86            3076        3316
    87            3162        3363
    88            3168        3411
    89            3258        3458
    90            3250        3506
    91            3304        3553
    92            3350        3601
    93            3354        3649
    94            3422        3697
    95            3406        3745
    96            3492        3793
    97            3636        3841
    98            3700        3889
    99            3754        3938
   100            3738        3986
   101            3810        4035
   102            3842        4084
   103            3850        4132
   104            3878        4181
   105            3934        4230
   106            3968        4279
   107            3968        4328
   108            4054        4377
   109            4106        4426
   110            4090        4476
   111            4142        4525
   112            4184        4575
   113            4288        4624
   114            4306        4674
   115            4366        4723
   116            4348        4773
   117            4450        4823
   118            4456        4873
   119            4478        4923
   120            4526        4973
   121            4562        5023
   122            4638        5073
   123            4704        5124
   124            4744        5174
   125            4748        5224
   126            4820        5275
   127            4816        5325
   128            4848        5376
   129            5544        5427
   130            5606        5477
   131            5620        5528
   132            5668        5579
   133            5762        5630
   134            5728        5681
   135            5756        5732
   136            5776        5783
   137            5810        5835
   138            5852        5886
   139            5910        5937
   140            5940        5989
   141            5990        6040
   142            5980        6092
   143            6032        6143
   144            6050        6195
   145            6176        6247
   146            6234        6298
   147            6210        6350
   148            6212        6402
   149            6300        6454
   150            6300        6506
   151            6318        6558
   152            6364        6610
   153            6478        6662
   154            6488        6715
   155            6564        6767
   156            6552        6819
   157            6620        6872
   158            6614        6924
   159            6698        6976
   160            6708        7029
   161            6844        7082
   162            6902        7134
   163            6936        7187
   164            6930        7240
   165            6970        7293
   166            7050        7346
   167            7038        7398
   168            7062        7451
   169            7190        7504
   170            7208        7558
   171            7176        7611
   172            7248        7664
   173            7280        7717
   174            7290        7770
   175            7368        7824
   176            7402        7877
   177            7500        7931
   178            7526        7984
   179            7516        8038
   180            7568        8091
   181            7582        8145
   182            7652        8199
   183            7736        8252
   184            7712        8306
   185            7752        8360
   186            7806        8414
   187            7926        8468
   188            7972        8522
   189            7982        8576
   190            8054        8630
   191            8068        8684
   192            8122        8738
   193            8468        8792
   194            8410        8846
   195            8546        8901
   196            8580        8955
   197            8580        9009
   198            8648        9064
   199            8668        9118
   200            8732        9173
   201            8766        9227
   202            8766        9282
   203            8796        9336
   204            8868        9391
   205            8880        9446
   206            8968        9501
   207            8996        9555
   208            9056        9610
   209            9104        9665
   210            9118        9720
   211            9170        9775
   212            9258        9830
   213            9256        9885
   214            9248        9940
   215            9366        9995
   216            9396       10050
   217            9438       10106
   218            9520       10161
   219            9532       10216
   220            9556       10271
   221            9572       10327
   222            9664       10382
   223            9616       10438
   224            9702       10493
   225            9890       10549
   226            9966       10604
   227           10028       10660
   228           10030       10715
   229           10046       10771
   230           10116       10827
   231           10112       10883
   232           10208       10938
   233           10140       10994
   234           10272       11050
   235           10310       11106
   236           10380       11162
   237           10400       11218
   238           10462       11274
   239           10508       11330
   240           10488       11386
   241           10668       11442
   242           10658       11498
   243           10702       11554
   244           10728       11611
   245           10866       11667
   246           10866       11723
   247           10884       11779
   248           10864       11836
   249           10954       11892
   250           11038       11949
   251           11102       12005
   252           11176       12062
   253           11132       12118
   254           11260       12175
   255           11260       12231
   256           11310       12288
   257           12560       12345
   258           12814       12401
   259           12686       12458
   260           12640       12515
   261           12968       12572
   262           12986       12629
   263           12954       12685
   264           13046       12742
   265           13002       12799
   266           13080       12856
   267           13058       12913
   268           13194       12970
   269           13124       13027
   270           13160       13084
   271           13100       13142
   272           13254       13199
   273           13362       13256
   274           13428       13313
   275           13428       13370
   276           13422       13428
   277           13428       13485
   278           13496       13542
   279           13628       13600
   280           13510       13657
   281           13658       13715
   282           13688       13772
   283           13582       13830
   284           13746       13887
   285           13802       13945
   286           13808       14002
   287           13834       14060
   288           13886       14118
   289           13990       14175
   290           14116       14233
   291           14136       14291
   292           14210       14349
   293           14274       14406
   294           14194       14464
   295           14224       14522
   296           14336       14580
   297           14356       14638
   298           14348       14696
   299           14374       14754
   300           14438       14812
   301           14434       14870
   302           14526       14928
   303           14592       14986
   304           14630       15044
   305           14722       15102
   306           14786       15161
   307           14772       15219
   308           14794       15277
   309           14860       15335
   310           14832       15394
   311           14870       15452
   312           14878       15510
   313           14938       15569
   314           15098       15627
   315           15060       15686
   316           15112       15744
   317           15168       15802
   318           15238       15861
   319           15184       15920
   320           15280       15978
   321           15594       16037
   322           15678       16095
   323           15678       16154
   324           15752       16213
   325           15782       16271
   326           15774       16330
   327           15800       16389
   328           15900       16448
   329           15996       16506
   330           15978       16565
   331           16034       16624
   332           16088       16683
   333           16132       16742
   334           16156       16801
   335           16152       16860
   336           16188       16919
   337           16346       16978
   338           16348       17037
   339           16374       17096
   340           16318       17155
   341           16396       17214
   342           16486       17273
   343           16488       17333
   344           16544       17392
   345           16678       17451
   346           16680       17510
   347           16758       17570
   348           16704       17629
   349           16760       17688
   350           16836       17748
   351           16834       17807
   352           16864       17866
   353           17076       17926
   354           17102       17985
   355           17122       18045
   356           17174       18104
   357           17178       18164
   358           17296       18223
   359           17296       18283
   360           17362       18342
   361           17446       18402
   362           17380       18462
   363           17422       18521
   364           17558       18581
   365           17566       18641
   366           17572       18700
   367           17608       18760
   368           17738       18820
   369           17840       18880
   370           17888       18940
   371           17880       19000
   372           17992       19059
   373           18010       19119
   374           18006       19179
   375           18052       19239
   376           18128       19299
   377           18244       19359
   378           18140       19419
   379           18232       19479
   380           18306       19539
   381           18334       19599
   382           18476       19659
   383           18460       19720
   384           18588       19780
   385           19288       19840
   386           19052       19900
   387           19288       19960
   388           19360       20021
   389           19268       20081
   390           19348       20141
   391           19368       20201
   392           19510       20262
   393           19578       20322
   394           19600       20383
   395           19544       20443
   396           19614       20503
   397           19732       20564
   398           19734       20624
   399           19758       20685
   400           19686       20745
   401           19834       20806
   402           19830       20866
   403           19970       20927
   404           20016       20988
   405           19976       21048
   406           20000       21109
   407           20088       21169
   408           20126       21230
   409           20086       21291
   410           20198       21352
   411           20326       21412
   412           20298       21473
   413           20398       21534
   414           20390       21595
   415           20510       21655
   416           20486       21716
   417           20692       21777
   418           20684       21838
   419           20724       21899
   420           20872       21960
   421           20844       22021
   422           20938       22082
   423           20874       22143
   424           20938       22204
   425           21080       22265
   426           21086       22326
   427           21152       22387
   428           21190       22448
   429           21164       22509
   430           21272       22570
   431           21258       22631
   432           21276       22693
   433           21484       22754
   434           21476       22815
   435           21592       22876
   436           21568       22938
   437           21596       22999
   438           21534       23060
   439           21692       23121
   440           21732       23183
   441           21766       23244
   442           21854       23306
   443           21864       23367
   444           21900       23428
   445           22006       23490
   446           22014       23551
   447           22042       23613
   448           22134       23674
   449           22474       23736
   450           22382       23797
   451           22458       23859
   452           22610       23920
   453           22578       23982
   454           22666       24044
   455           22542       24105
   456           22690       24167
   457           22838       24228
   458           22876       24290
   459           22898       24352
   460           22942       24414
   461           22950       24475
   462           22958       24537
   463           23034       24599
   464           22986       24661
   465           23264       24722
   466           23278       24784
   467           23328       24846
   468           23338       24908
   469           23316       24970
   470           23486       25032
   471           23500       25094
   472           23496       25156
   473           23570       25218
   474           23682       25280
   475           23672       25342
   476           23688       25404
   477           23876       25466
   478           23826       25528
   479           23852       25590
   480           24000       25652
   481           24198       25714
   482           24114       25776
   483           24144       25838
   484           24198       25900
   485           24202       25963
   486           24248       26025
   487           24312       26087
   488           24420       26149
   489           24522       26211
   490           24564       26274
   491           24554       26336
   492           24614       26398
   493           24652       26461
   494           24764       26523
   495           24814       26585
   496           24744       26648
   497           24810       26710
   498           25000       26772
   499           25044       26835
   500           25024       26897
   501           25152       26960
   502           25178       27022
   503           25240       27085
   504           25226       27147
   505           25282       27210
   506           25350       27272
   507           25442       27335
   508           25536       27398
   509           25526       27460
   510           25672       27523
   511           25576       27585
   512           25710       27648